[(3, 10), (4, 10), (5, 10), (6, 10), (7, 10), (8, 10), (9, 10), (10, 10), (11, 10), (12, 10), (13, 10), (14, 10), (15, 10), (16, 10), (17, 10), (18, 10), (19, 10), (20, 10), (21, 10), (22, 10), (23, 10)]
[(3, 11), (4, 11), (5, 11), (6, 11), (7, 11), (8, 11), (9, 11), (10, 11), (11, 11), (12, 11), (13, 11), (14, 11), (15, 11), (16, 11), (17, 11), (18, 11), (19, 11), (20, 11), (21, 11), (22, 11), (23, 11), (24, 11), (25, 11)]
[(2, 12), (3, 12), (4, 12), (5, 12), (6, 12), (7, 12), (8, 12), (9, 12), (10, 12), (11, 12), (12, 12), (13, 12), (14, 12), (15, 12), (16, 12), (17, 12), (18, 12), (19, 12), (20, 12), (21, 12), (22, 12), (23, 12), (24, 12)]
[(2, 13), (3, 13), (4, 13), (5, 13), (6, 13), (7, 13), (8, 13), (9, 13), (10, 13), (11, 13), (12, 13), (13, 13), (14, 13), (15, 13), (16, 13), (17, 13), (18, 13), (19, 13), (20, 13), (21, 13), (22, 13), (23, 13), (24, 13)]
[(2, 14), (3, 14), (4, 14), (5, 14), (6, 14), (7, 14), (8, 14), (9, 14), (10, 14), (11, 14), (12, 14), (13, 14), (14, 14), (15, 14), (16, 14), (17, 14), (18, 14), (19, 14), (20, 14), (21, 14), (22, 14), (23, 14), (24, 14), (25, 14)]
[(2, 15), (3, 15), (4, 15), (5, 15), (6, 15), (7, 15), (8, 15), (9, 15), (10, 15), (11, 15), (12, 15), (13, 15), (14, 15), (15, 15), (16, 15), (17, 15), (18, 15), (19, 15), (20, 15), (21, 15), (22, 15), (23, 15), (24, 15), (25, 15), (26, 15), (27, 15)]
[(2, 16), (3, 16), (4, 16), (5, 16), (6, 16), (7, 16), (8, 16), (9, 16), (10, 16), (11, 16), (12, 16), (13, 16), (14, 16), (15, 16), (16, 16), (17, 16), (18, 16), (19, 16), (20, 16), (21, 16), (22, 16), (23, 16), (24, 16), (25, 16), (26, 16), (27, 16), (28, 16)]
[(12, 17), (13, 17), (14, 17), (15, 17), (16, 17), (17, 17), (18, 17), (19, 17), (20, 17), (21, 17), (22, 17), (23, 17), (24, 17), (25, 17), (26, 17), (27, 17), (28, 17), (29, 17)]
[(13, 18), (14, 18), (15, 18), (16, 18), (17, 18), (18, 18), (19, 18), (20, 18), (21, 18), (22, 18), (23, 18), (24, 18), (25, 18), (26, 18), (27, 18), (28, 18), (29, 18), (30, 18), (31, 18)]
[(2, 19), (3, 19), (4, 19), (5, 19), (6, 19), (7, 19), (8, 19), (9, 19), (10, 19), (11, 19), (12, 19), (13, 19), (14, 19), (15, 19), (16, 19), (17, 19), (18, 19), (19, 19), (20, 19), (21, 19), (22, 19), (23, 19), (24, 19), (25, 19), (26, 19), (27, 19), (28, 19), (29, 19), (30, 19), (31, 19), (32, 19), (33, 19)]
[(2, 20), (3, 20), (4, 20), (5, 20), (6, 20), (7, 20), (8, 20), (9, 20), (10, 20), (11, 20), (12, 20), (13, 20), (14, 20), (15, 20), (16, 20), (17, 20), (18, 20), (19, 20), (20, 20), (21, 20), (22, 20), (23, 20), (24, 20), (25, 20), (26, 20), (27, 20), (28, 20), (29, 20), (30, 20), (31, 20), (32, 20), (33, 20), (34, 20), (35, 20), (36, 20), (37, 20), (38, 20)]
[(2, 21), (3, 21), (4, 21), (5, 21), (6, 21), (7, 21), (8, 21), (9, 21), (10, 21), (11, 21), (12, 21), (13, 21), (14, 21), (15, 21), (16, 21), (17, 21), (18, 21), (19, 21), (20, 21), (21, 21), (22, 21), (23, 21), (24, 21), (25, 21), (26, 21), (27, 21), (28, 21), (29, 21), (30, 21), (31, 21), (32, 21), (33, 21), (34, 21), (35, 21), (36, 21), (37, 21), (38, 21), (39, 21), (40, 21)]
[(2, 22), (3, 22), (4, 22), (5, 22), (6, 22), (7, 22), (8, 22), (9, 22), (10, 22), (11, 22), (12, 22), (13, 22), (14, 22), (15, 22), (16, 22), (17, 22), (18, 22), (19, 22), (20, 22), (21, 22), (22, 22), (23, 22), (24, 22), (25, 22), (26, 22), (27, 22), (28, 22), (29, 22), (30, 22), (31, 22), (32, 22), (33, 22), (34, 22), (35, 22), (36, 22), (37, 22), (38, 22), (39, 22), (40, 22), (41, 22), (42, 22), (43, 22)]
[(2, 23), (3, 23), (4, 23), (5, 23), (6, 23), (7, 23), (8, 23), (9, 23), (10, 23), (11, 23), (12, 23), (13, 23), (14, 23), (15, 23), (16, 23), (17, 23), (18, 23), (19, 23), (20, 23), (21, 23), (22, 23), (23, 23), (24, 23), (25, 23), (26, 23), (27, 23), (28, 23), (29, 23), (30, 23), (31, 23), (32, 23), (33, 23), (34, 23), (35, 23), (36, 23), (37, 23), (38, 23), (39, 23), (40, 23), (41, 23), (42, 23)]
[(2, 24), (3, 24), (4, 24), (5, 24), (6, 24), (7, 24), (8, 24), (9, 24), (10, 24), (11, 24), (12, 24), (13, 24), (14, 24), (15, 24), (16, 24), (17, 24), (18, 24), (19, 24), (20, 24), (21, 24), (22, 24), (23, 24), (24, 24), (25, 24), (26, 24), (27, 24), (28, 24), (29, 24), (30, 24), (31, 24), (32, 24), (33, 24), (34, 24), (35, 24), (36, 24), (37, 24), (38, 24), (39, 24), (40, 24), (41, 24), (42, 24)]
[(2, 25), (3, 25), (4, 25), (5, 25), (6, 25), (7, 25), (8, 25), (9, 25), (10, 25), (11, 25), (12, 25), (13, 25), (14, 25), (15, 25), (16, 25), (17, 25), (18, 25), (19, 25), (20, 25), (21, 25), (22, 25), (23, 25), (24, 25), (25, 25), (26, 25), (27, 25), (28, 25), (29, 25), (30, 25), (31, 25), (32, 25), (33, 25), (34, 25), (35, 25), (36, 25), (37, 25), (38, 25), (39, 25), (40, 25), (41, 25), (42, 25)]
[(2, 26), (3, 26), (4, 26), (5, 26), (6, 26), (7, 26), (8, 26), (9, 26), (10, 26), (11, 26), (12, 26), (13, 26), (14, 26), (15, 26), (16, 26), (17, 26), (18, 26), (19, 26), (20, 26), (21, 26), (22, 26), (23, 26), (24, 26), (25, 26), (26, 26), (27, 26), (28, 26), (29, 26), (30, 26), (31, 26), (32, 26), (33, 26), (34, 26), (35, 26), (36, 26), (37, 26), (38, 26), (39, 26), (40, 26), (41, 26), (42, 26), (43, 26)]
[(2, 27), (3, 27), (4, 27), (5, 27), (6, 27), (7, 27), (8, 27), (9, 27), (10, 27), (11, 27), (12, 27), (13, 27), (14, 27), (15, 27), (16, 27), (17, 27), (18, 27), (19, 27), (20, 27), (21, 27), (22, 27), (23, 27), (24, 27), (25, 27), (26, 27), (27, 27), (28, 27), (29, 27), (30, 27), (31, 27), (32, 27), (33, 27), (34, 27), (35, 27), (36, 27), (37, 27), (38, 27), (39, 27), (40, 27), (41, 27), (42, 27), (43, 27), (44, 27)]
[(2, 28), (3, 28), (4, 28), (5, 28), (6, 28), (7, 28), (8, 28), (9, 28), (10, 28), (11, 28), (12, 28), (13, 28), (14, 28), (15, 28), (16, 28), (17, 28), (18, 28), (19, 28), (20, 28), (21, 28), (22, 28), (23, 28), (24, 28), (25, 28), (26, 28), (27, 28), (28, 28), (29, 28), (30, 28), (31, 28), (32, 28), (33, 28), (34, 28), (35, 28), (36, 28), (37, 28), (38, 28), (39, 28), (40, 28), (41, 28), (42, 28), (43, 28), (44, 28), (45, 28)]
[(2, 29), (3, 29), (4, 29), (5, 29), (6, 29), (7, 29), (8, 29), (9, 29), (10, 29), (11, 29), (12, 29), (13, 29), (14, 29), (15, 29), (16, 29), (17, 29), (18, 29), (19, 29), (20, 29), (21, 29), (22, 29), (23, 29), (24, 29), (25, 29), (26, 29), (27, 29), (28, 29), (29, 29), (30, 29), (31, 29), (32, 29), (33, 29), (34, 29), (35, 29), (36, 29), (37, 29), (38, 29), (39, 29), (40, 29), (41, 29), (42, 29), (43, 29), (44, 29), (45, 29), (46, 29)]
[(2, 30), (3, 30), (4, 30), (5, 30), (6, 30), (7, 30), (8, 30), (9, 30), (10, 30), (11, 30), (12, 30), (13, 30), (14, 30), (15, 30), (16, 30), (17, 30), (18, 30), (19, 30), (20, 30), (21, 30), (22, 30), (23, 30), (24, 30), (25, 30), (26, 30), (27, 30), (28, 30), (29, 30), (30, 30), (31, 30), (32, 30), (33, 30), (34, 30), (35, 30), (36, 30), (37, 30), (38, 30), (39, 30), (40, 30), (41, 30), (42, 30), (43, 30), (44, 30), (45, 30), (46, 30)]
[(2, 31), (3, 31), (4, 31), (5, 31), (6, 31), (7, 31), (8, 31), (9, 31), (10, 31), (11, 31), (12, 31), (13, 31), (14, 31), (15, 31), (16, 31), (17, 31), (18, 31), (19, 31), (20, 31), (21, 31), (22, 31), (23, 31), (24, 31), (25, 31), (26, 31), (27, 31), (28, 31), (29, 31), (30, 31), (31, 31), (32, 31), (33, 31), (34, 31), (35, 31), (36, 31), (37, 31), (38, 31), (39, 31), (40, 31), (41, 31), (42, 31), (43, 31), (44, 31), (45, 31), (46, 31)]
[(2, 32), (3, 32), (4, 32), (5, 32), (6, 32), (7, 32), (8, 32), (9, 32), (10, 32), (11, 32), (12, 32), (13, 32), (14, 32), (15, 32), (16, 32), (17, 32), (18, 32), (19, 32), (20, 32), (21, 32), (22, 32), (23, 32), (24, 32), (25, 32), (26, 32), (27, 32), (28, 32), (29, 32), (30, 32), (31, 32), (32, 32), (33, 32), (34, 32), (35, 32), (36, 32), (37, 32), (38, 32), (39, 32), (40, 32), (41, 32), (42, 32), (43, 32), (44, 32), (45, 32)]
[(2, 33), (3, 33), (4, 33), (5, 33), (6, 33), (7, 33), (8, 33), (9, 33), (10, 33), (11, 33), (12, 33), (13, 33), (14, 33), (15, 33), (16, 33), (17, 33), (18, 33), (19, 33), (20, 33), (21, 33), (22, 33), (23, 33), (24, 33), (25, 33), (26, 33), (27, 33), (28, 33), (29, 33), (30, 33), (31, 33), (32, 33), (33, 33), (34, 33), (35, 33), (36, 33), (37, 33), (38, 33), (39, 33), (40, 33), (41, 33), (42, 33), (43, 33), (44, 33), (45, 33)]
[(2, 34), (3, 34), (4, 34), (5, 34), (6, 34), (7, 34), (8, 34), (9, 34), (10, 34), (11, 34), (12, 34), (13, 34), (14, 34), (15, 34), (16, 34), (17, 34), (18, 34), (19, 34), (20, 34), (21, 34), (22, 34), (23, 34), (24, 34), (25, 34), (26, 34), (27, 34), (28, 34), (29, 34), (30, 34), (31, 34), (32, 34), (33, 34), (34, 34), (35, 34), (36, 34), (37, 34), (38, 34), (39, 34), (40, 34), (41, 34), (42, 34), (43, 34), (44, 34), (45, 34)]
[(2, 35), (3, 35), (4, 35), (5, 35), (6, 35), (7, 35), (8, 35), (9, 35), (10, 35), (11, 35), (12, 35), (13, 35), (14, 35), (15, 35), (16, 35), (17, 35), (18, 35), (19, 35), (20, 35), (21, 35), (22, 35), (23, 35), (24, 35), (25, 35), (26, 35), (27, 35), (28, 35), (29, 35), (30, 35), (31, 35), (32, 35), (33, 35), (34, 35), (35, 35), (36, 35), (37, 35), (38, 35), (39, 35), (40, 35), (41, 35), (42, 35), (43, 35), (44, 35)]
[(2, 36), (3, 36), (4, 36), (5, 36), (6, 36), (7, 36), (8, 36), (9, 36), (10, 36), (11, 36), (12, 36), (13, 36), (14, 36), (15, 36), (16, 36), (17, 36), (18, 36), (19, 36), (20, 36), (21, 36), (22, 36), (23, 36), (24, 36), (25, 36), (26, 36), (27, 36), (28, 36), (29, 36), (30, 36), (31, 36), (32, 36), (33, 36), (34, 36), (35, 36), (36, 36), (37, 36), (38, 36), (39, 36), (40, 36), (41, 36), (42, 36), (43, 36), (44, 36)]
[(2, 37), (3, 37), (4, 37), (5, 37), (6, 37), (7, 37), (8, 37), (9, 37), (10, 37), (11, 37), (12, 37), (13, 37), (14, 37), (15, 37), (16, 37), (17, 37), (18, 37), (19, 37), (20, 37), (21, 37), (22, 37), (23, 37), (24, 37), (25, 37), (26, 37), (27, 37), (28, 37), (29, 37), (30, 37), (31, 37), (32, 37), (33, 37), (34, 37), (35, 37), (36, 37), (37, 37), (38, 37), (39, 37), (40, 37), (41, 37), (42, 37), (43, 37), (44, 37)]
[(2, 38), (3, 38), (4, 38), (5, 38), (6, 38), (7, 38), (8, 38), (9, 38), (10, 38), (11, 38), (12, 38), (13, 38), (14, 38), (15, 38), (16, 38), (17, 38), (18, 38), (19, 38), (20, 38), (21, 38), (22, 38), (23, 38), (24, 38), (25, 38), (26, 38), (27, 38), (28, 38), (29, 38), (30, 38), (31, 38), (32, 38), (33, 38), (34, 38), (35, 38), (36, 38), (37, 38), (38, 38), (39, 38), (40, 38), (41, 38), (42, 38), (43, 38), (44, 38), (45, 38), (46, 38), (47, 38)]
[(2, 39), (3, 39), (4, 39), (5, 39), (6, 39), (7, 39), (8, 39), (9, 39), (10, 39), (11, 39), (12, 39), (13, 39), (14, 39), (15, 39), (16, 39), (17, 39), (18, 39), (19, 39), (20, 39), (21, 39), (22, 39), (23, 39), (24, 39), (25, 39), (26, 39), (27, 39), (28, 39), (29, 39), (30, 39), (31, 39), (32, 39), (33, 39), (34, 39), (35, 39), (36, 39), (37, 39), (38, 39), (39, 39), (40, 39), (41, 39), (42, 39), (43, 39), (44, 39), (45, 39), (46, 39), (47, 39), (48, 39), (49, 39), (50, 39), (51, 39), (52, 39), (53, 39), (54, 39), (55, 39), (56, 39), (57, 39), (58, 39), (59, 39), (60, 39), (61, 39), (62, 39), (63, 39), (64, 39), (65, 39), (66, 39), (67, 39), (68, 39), (69, 39), (70, 39), (71, 39), (72, 39), (73, 39), (74, 39), (75, 39), (76, 39), (77, 39), (78, 39), (79, 39), (80, 39), (81, 39), (82, 39), (83, 39), (84, 39), (85, 39), (86, 39), (87, 39), (88, 39), (89, 39), (90, 39), (91, 39), (92, 39), (93, 39), (94, 39), (95, 39), (96, 39), (97, 39), (98, 39), (99, 39), (100, 39), (101, 39), (102, 39), (103, 39), (104, 39), (105, 39), (106, 39), (107, 39), (108, 39), (109, 39), (110, 39), (111, 39), (112, 39), (113, 39), (114, 39), (115, 39), (116, 39), (117, 39), (118, 39), (119, 39), (120, 39), (121, 39), (122, 39), (123, 39), (124, 39), (125, 39), (126, 39), (127, 39), (128, 39), (129, 39), (130, 39), (131, 39), (132, 39), (133, 39), (134, 39), (135, 39), (136, 39), (137, 39), (138, 39), (139, 39), (140, 39), (141, 39), (142, 39), (143, 39), (144, 39), (145, 39), (146, 39), (147, 39), (148, 39), (149, 39), (150, 39), (151, 39)]
[(2, 40), (3, 40), (4, 40), (5, 40), (6, 40), (7, 40), (8, 40), (9, 40), (10, 40), (11, 40), (12, 40), (13, 40), (14, 40), (15, 40), (16, 40), (17, 40), (18, 40), (19, 40), (20, 40), (21, 40), (22, 40), (23, 40), (24, 40), (25, 40), (26, 40), (27, 40), (28, 40), (29, 40), (30, 40), (31, 40), (32, 40), (33, 40), (34, 40), (35, 40), (36, 40), (37, 40), (38, 40), (39, 40), (40, 40), (41, 40), (42, 40), (43, 40), (44, 40), (45, 40), (46, 40), (47, 40)]
[(2, 41), (3, 41), (4, 41), (5, 41), (6, 41), (7, 41), (8, 41), (9, 41), (10, 41), (11, 41), (12, 41), (13, 41), (14, 41), (15, 41), (16, 41), (17, 41), (18, 41), (19, 41), (20, 41), (21, 41), (22, 41), (23, 41), (24, 41), (25, 41), (26, 41), (27, 41), (28, 41), (29, 41), (30, 41), (31, 41), (32, 41), (33, 41), (34, 41), (35, 41), (36, 41), (37, 41), (38, 41), (39, 41), (40, 41), (41, 41), (42, 41), (43, 41), (44, 41), (45, 41), (46, 41)]
[(2, 42), (3, 42), (4, 42), (5, 42), (6, 42), (7, 42), (8, 42), (9, 42), (10, 42), (11, 42), (12, 42), (13, 42), (14, 42), (15, 42), (16, 42), (17, 42), (18, 42), (19, 42)]
[(56, 10), (57, 10), (58, 10), (59, 10), (60, 10), (61, 10), (62, 10), (63, 10), (64, 10), (65, 10), (66, 10), (67, 10), (68, 10), (69, 10), (70, 10), (71, 10), (72, 10), (73, 10)]
[(57, 11), (58, 11), (59, 11), (60, 11), (61, 11), (62, 11), (63, 11), (64, 11), (65, 11), (66, 11), (67, 11), (68, 11), (69, 11), (70, 11), (71, 11), (72, 11), (73, 11), (74, 11), (75, 11)]
[(50, 12), (51, 12), (52, 12), (53, 12), (54, 12), (55, 12), (56, 12), (57, 12), (58, 12), (59, 12), (60, 12), (61, 12), (62, 12), (63, 12), (64, 12), (65, 12), (66, 12), (67, 12), (68, 12), (69, 12), (70, 12), (71, 12), (72, 12)]
[(47, 13), (48, 13), (49, 13), (50, 13), (51, 13), (52, 13), (53, 13), (54, 13), (55, 13), (56, 13), (57, 13), (58, 13), (59, 13), (60, 13), (61, 13), (62, 13), (63, 13), (64, 13), (65, 13), (66, 13), (67, 13), (68, 13), (69, 13), (70, 13), (71, 13), (72, 13)]
[(46, 14), (47, 14), (48, 14), (49, 14), (50, 14), (51, 14), (52, 14), (53, 14), (54, 14), (55, 14), (56, 14), (57, 14), (58, 14), (59, 14), (60, 14), (61, 14), (62, 14), (63, 14), (64, 14), (65, 14), (66, 14), (67, 14), (68, 14), (69, 14), (70, 14), (71, 14), (72, 14)]
[(44, 15), (45, 15), (46, 15), (47, 15), (48, 15), (49, 15), (50, 15), (51, 15), (52, 15), (53, 15), (54, 15), (55, 15), (56, 15), (57, 15), (58, 15), (59, 15), (60, 15), (61, 15), (62, 15), (63, 15), (64, 15), (65, 15), (66, 15), (67, 15), (68, 15), (69, 15), (70, 15), (71, 15)]
[(45, 16), (46, 16), (47, 16), (48, 16), (49, 16), (50, 16), (51, 16), (52, 16), (53, 16), (54, 16), (55, 16), (56, 16), (57, 16), (58, 16), (59, 16), (60, 16), (61, 16), (62, 16), (63, 16), (64, 16), (65, 16), (66, 16), (67, 16), (68, 16), (69, 16)]
[(46, 17), (47, 17), (48, 17), (49, 17), (50, 17), (51, 17), (52, 17), (53, 17), (54, 17), (55, 17), (56, 17), (57, 17), (58, 17), (59, 17), (60, 17), (61, 17), (62, 17), (63, 17), (64, 17), (65, 17), (66, 17), (67, 17), (68, 17)]
[(50, 18), (51, 18), (52, 18), (53, 18), (54, 18), (55, 18), (56, 18), (57, 18), (58, 18), (59, 18), (60, 18), (61, 18), (62, 18), (63, 18), (64, 18), (65, 18), (66, 18), (67, 18), (68, 18)]
[(43, 19), (44, 19), (45, 19), (46, 19), (47, 19), (48, 19), (49, 19), (50, 19), (51, 19), (52, 19), (53, 19), (54, 19), (55, 19), (56, 19), (57, 19), (58, 19), (59, 19), (60, 19), (61, 19), (62, 19), (63, 19), (64, 19), (65, 19), (66, 19), (67, 19), (68, 19)]
[(52, 20), (53, 20), (54, 20), (55, 20), (56, 20), (57, 20), (58, 20), (59, 20), (60, 20), (61, 20), (62, 20), (63, 20), (64, 20), (65, 20), (66, 20), (67, 20), (68, 20)]
[(55, 21), (56, 21), (57, 21), (58, 21), (59, 21), (60, 21), (61, 21), (62, 21), (63, 21), (64, 21), (65, 21), (66, 21), (67, 21), (68, 21), (69, 21), (70, 21)]
[(56, 22), (57, 22), (58, 22), (59, 22), (60, 22), (61, 22), (62, 22), (63, 22), (64, 22), (65, 22), (66, 22), (67, 22), (68, 22), (69, 22), (70, 22), (71, 22)]
[(59, 23), (60, 23), (61, 23), (62, 23), (63, 23), (64, 23), (65, 23), (66, 23), (67, 23), (68, 23), (69, 23), (70, 23), (71, 23), (72, 23), (73, 23), (74, 23), (75, 23), (76, 23), (77, 23), (78, 23), (79, 23)]
[(63, 24), (64, 24), (65, 24), (66, 24), (67, 24), (68, 24), (69, 24), (70, 24), (71, 24), (72, 24), (73, 24), (74, 24), (75, 24), (76, 24), (77, 24), (78, 24), (79, 24)]
[(63, 25), (64, 25), (65, 25), (66, 25), (67, 25), (68, 25), (69, 25), (70, 25), (71, 25), (72, 25), (73, 25), (74, 25), (75, 25), (76, 25), (77, 25), (78, 25), (79, 25), (80, 25), (81, 25)]
[(63, 26), (64, 26), (65, 26), (66, 26), (67, 26), (68, 26), (69, 26), (70, 26), (71, 26), (72, 26), (73, 26), (74, 26), (75, 26), (76, 26), (77, 26), (78, 26), (79, 26), (80, 26), (81, 26)]
[(61, 27), (62, 27), (63, 27), (64, 27), (65, 27), (66, 27), (67, 27), (68, 27), (69, 27), (70, 27), (71, 27), (72, 27), (73, 27), (74, 27), (75, 27), (76, 27), (77, 27), (78, 27), (79, 27), (80, 27)]
[(61, 28), (62, 28), (63, 28), (64, 28), (65, 28), (66, 28), (67, 28), (68, 28), (69, 28), (70, 28), (71, 28), (72, 28), (73, 28), (74, 28), (75, 28), (76, 28), (77, 28), (78, 28), (79, 28), (80, 28)]
[(60, 29), (61, 29), (62, 29), (63, 29), (64, 29), (65, 29), (66, 29), (67, 29), (68, 29), (69, 29), (70, 29), (71, 29), (72, 29), (73, 29), (74, 29), (75, 29), (76, 29), (77, 29), (78, 29), (79, 29), (80, 29), (81, 29)]
[(57, 30), (58, 30), (59, 30), (60, 30), (61, 30), (62, 30), (63, 30), (64, 30), (65, 30), (66, 30), (67, 30), (68, 30), (69, 30), (70, 30), (71, 30), (72, 30), (73, 30), (74, 30), (75, 30), (76, 30), (77, 30), (78, 30), (79, 30), (80, 30), (81, 30), (82, 30)]
[(57, 31), (58, 31), (59, 31), (60, 31), (61, 31), (62, 31), (63, 31), (64, 31), (65, 31), (66, 31), (67, 31), (68, 31), (69, 31), (70, 31), (71, 31), (72, 31), (73, 31), (74, 31), (75, 31), (76, 31), (77, 31), (78, 31), (79, 31), (80, 31), (81, 31), (82, 31), (83, 31)]
[(56, 32), (57, 32), (58, 32), (59, 32), (60, 32), (61, 32), (62, 32), (63, 32), (64, 32), (65, 32), (66, 32), (67, 32), (68, 32), (69, 32), (70, 32), (71, 32), (72, 32), (73, 32), (74, 32), (75, 32), (76, 32), (77, 32), (78, 32), (79, 32), (80, 32), (81, 32), (82, 32), (83, 32)]
[(54, 33), (55, 33), (56, 33), (57, 33), (58, 33), (59, 33), (60, 33), (61, 33), (62, 33), (63, 33), (64, 33), (65, 33), (66, 33), (67, 33), (68, 33), (69, 33), (70, 33), (71, 33), (72, 33), (73, 33), (74, 33), (75, 33), (76, 33), (77, 33), (78, 33), (79, 33), (80, 33), (81, 33), (82, 33), (83, 33), (84, 33), (85, 33), (86, 33), (87, 33), (88, 33), (89, 33), (90, 33), (91, 33), (92, 33), (93, 33), (94, 33), (95, 33), (96, 33), (97, 33), (98, 33), (99, 33), (100, 33), (101, 33), (102, 33), (103, 33), (104, 33), (105, 33), (106, 33), (107, 33), (108, 33), (109, 33), (110, 33), (111, 33), (112, 33), (113, 33), (114, 33), (115, 33), (116, 33), (117, 33), (118, 33), (119, 33), (120, 33), (121, 33), (122, 33), (123, 33), (124, 33), (125, 33), (126, 33), (127, 33), (128, 33), (129, 33), (130, 33), (131, 33), (132, 33), (133, 33), (134, 33)]
[(52, 34), (53, 34), (54, 34), (55, 34), (56, 34), (57, 34), (58, 34), (59, 34), (60, 34), (61, 34), (62, 34), (63, 34), (64, 34), (65, 34), (66, 34), (67, 34), (68, 34), (69, 34), (70, 34), (71, 34), (72, 34), (73, 34), (74, 34), (75, 34), (76, 34), (77, 34), (78, 34), (79, 34), (80, 34), (81, 34), (82, 34), (83, 34), (84, 34), (85, 34), (86, 34), (87, 34), (88, 34), (89, 34), (90, 34), (91, 34), (92, 34), (93, 34), (94, 34), (95, 34), (96, 34), (97, 34), (98, 34), (99, 34), (100, 34), (101, 34), (102, 34), (103, 34), (104, 34), (105, 34), (106, 34), (107, 34), (108, 34), (109, 34), (110, 34), (111, 34), (112, 34), (113, 34), (114, 34), (115, 34), (116, 34), (117, 34), (118, 34), (119, 34), (120, 34), (121, 34), (122, 34), (123, 34), (124, 34), (125, 34), (126, 34), (127, 34), (128, 34), (129, 34), (130, 34), (131, 34), (132, 34), (133, 34), (134, 34), (135, 34), (136, 34)]
[(50, 35), (51, 35), (52, 35), (53, 35), (54, 35), (55, 35), (56, 35), (57, 35), (58, 35), (59, 35), (60, 35), (61, 35), (62, 35), (63, 35), (64, 35), (65, 35), (66, 35), (67, 35), (68, 35), (69, 35), (70, 35), (71, 35), (72, 35), (73, 35), (74, 35), (75, 35), (76, 35), (77, 35), (78, 35), (79, 35), (80, 35), (81, 35), (82, 35), (83, 35), (84, 35), (85, 35), (86, 35), (87, 35), (88, 35), (89, 35), (90, 35), (91, 35), (92, 35), (93, 35), (94, 35), (95, 35), (96, 35), (97, 35), (98, 35), (99, 35), (100, 35), (101, 35), (102, 35), (103, 35), (104, 35), (105, 35), (106, 35), (107, 35), (108, 35), (109, 35), (110, 35), (111, 35), (112, 35), (113, 35), (114, 35), (115, 35), (116, 35), (117, 35), (118, 35), (119, 35), (120, 35), (121, 35), (122, 35), (123, 35), (124, 35), (125, 35), (126, 35), (127, 35), (128, 35), (129, 35), (130, 35), (131, 35), (132, 35), (133, 35), (134, 35), (135, 35), (136, 35), (137, 35), (138, 35), (139, 35), (140, 35), (141, 35), (142, 35), (143, 35), (144, 35), (145, 35)]
[(53, 36), (54, 36), (55, 36), (56, 36), (57, 36), (58, 36), (59, 36), (60, 36), (61, 36), (62, 36), (63, 36), (64, 36), (65, 36), (66, 36), (67, 36), (68, 36), (69, 36), (70, 36), (71, 36), (72, 36), (73, 36), (74, 36), (75, 36), (76, 36), (77, 36), (78, 36), (79, 36), (80, 36), (81, 36), (82, 36), (83, 36), (84, 36), (85, 36), (86, 36), (87, 36), (88, 36), (89, 36), (90, 36), (91, 36), (92, 36), (93, 36), (94, 36), (95, 36), (96, 36), (97, 36), (98, 36), (99, 36), (100, 36), (101, 36), (102, 36), (103, 36), (104, 36)]
[(53, 37), (54, 37), (55, 37), (56, 37), (57, 37), (58, 37), (59, 37), (60, 37), (61, 37), (62, 37), (63, 37), (64, 37), (65, 37), (66, 37), (67, 37), (68, 37), (69, 37), (70, 37), (71, 37), (72, 37), (73, 37), (74, 37), (75, 37), (76, 37), (77, 37), (78, 37), (79, 37), (80, 37), (81, 37), (82, 37), (83, 37), (84, 37), (85, 37), (86, 37), (87, 37), (88, 37), (89, 37), (90, 37), (91, 37), (92, 37), (93, 37), (94, 37), (95, 37), (96, 37), (97, 37), (98, 37), (99, 37), (100, 37), (101, 37), (102, 37), (103, 37), (104, 37), (105, 37), (106, 37), (107, 37), (108, 37), (109, 37), (110, 37), (111, 37), (112, 37), (113, 37), (114, 37), (115, 37), (116, 37), (117, 37), (118, 37), (119, 37), (120, 37), (121, 37), (122, 37), (123, 37), (124, 37), (125, 37), (126, 37), (127, 37), (128, 37), (129, 37), (130, 37), (131, 37), (132, 37), (133, 37), (134, 37), (135, 37), (136, 37), (137, 37), (138, 37), (139, 37), (140, 37), (141, 37), (142, 37), (143, 37), (144, 37), (145, 37), (146, 37), (147, 37), (148, 37), (149, 37), (150, 37), (151, 37)]
[(49, 38), (50, 38), (51, 38), (52, 38), (53, 38), (54, 38), (55, 38), (56, 38), (57, 38), (58, 38), (59, 38), (60, 38), (61, 38), (62, 38), (63, 38), (64, 38), (65, 38), (66, 38), (67, 38), (68, 38), (69, 38), (70, 38), (71, 38), (72, 38), (73, 38), (74, 38), (75, 38), (76, 38), (77, 38), (78, 38), (79, 38), (80, 38), (81, 38), (82, 38), (83, 38), (84, 38), (85, 38), (86, 38), (87, 38), (88, 38), (89, 38), (90, 38), (91, 38), (92, 38), (93, 38), (94, 38), (95, 38), (96, 38), (97, 38), (98, 38), (99, 38), (100, 38), (101, 38), (102, 38), (103, 38), (104, 38), (105, 38), (106, 38), (107, 38), (108, 38), (109, 38), (110, 38), (111, 38), (112, 38), (113, 38), (114, 38), (115, 38), (116, 38), (117, 38), (118, 38), (119, 38), (120, 38), (121, 38), (122, 38), (123, 38), (124, 38), (125, 38), (126, 38), (127, 38), (128, 38), (129, 38), (130, 38), (131, 38), (132, 38), (133, 38), (134, 38), (135, 38), (136, 38), (137, 38), (138, 38), (139, 38), (140, 38), (141, 38), (142, 38), (143, 38), (144, 38), (145, 38), (146, 38), (147, 38), (148, 38), (149, 38), (150, 38), (151, 38)]
[(2, 39), (3, 39), (4, 39), (5, 39), (6, 39), (7, 39), (8, 39), (9, 39), (10, 39), (11, 39), (12, 39), (13, 39), (14, 39), (15, 39), (16, 39), (17, 39), (18, 39), (19, 39), (20, 39), (21, 39), (22, 39), (23, 39), (24, 39), (25, 39), (26, 39), (27, 39), (28, 39), (29, 39), (30, 39), (31, 39), (32, 39), (33, 39), (34, 39), (35, 39), (36, 39), (37, 39), (38, 39), (39, 39), (40, 39), (41, 39), (42, 39), (43, 39), (44, 39), (45, 39), (46, 39), (47, 39), (48, 39), (49, 39), (50, 39), (51, 39), (52, 39), (53, 39), (54, 39), (55, 39), (56, 39), (57, 39), (58, 39), (59, 39), (60, 39), (61, 39), (62, 39), (63, 39), (64, 39), (65, 39), (66, 39), (67, 39), (68, 39), (69, 39), (70, 39), (71, 39), (72, 39), (73, 39), (74, 39), (75, 39), (76, 39), (77, 39), (78, 39), (79, 39), (80, 39), (81, 39), (82, 39), (83, 39), (84, 39), (85, 39), (86, 39), (87, 39), (88, 39), (89, 39), (90, 39), (91, 39), (92, 39), (93, 39), (94, 39), (95, 39), (96, 39), (97, 39), (98, 39), (99, 39), (100, 39), (101, 39), (102, 39), (103, 39), (104, 39), (105, 39), (106, 39), (107, 39), (108, 39), (109, 39), (110, 39), (111, 39), (112, 39), (113, 39), (114, 39), (115, 39), (116, 39), (117, 39), (118, 39), (119, 39), (120, 39), (121, 39), (122, 39), (123, 39), (124, 39), (125, 39), (126, 39), (127, 39), (128, 39), (129, 39), (130, 39), (131, 39), (132, 39), (133, 39), (134, 39), (135, 39), (136, 39), (137, 39), (138, 39), (139, 39), (140, 39), (141, 39), (142, 39), (143, 39), (144, 39), (145, 39), (146, 39), (147, 39), (148, 39), (149, 39), (150, 39), (151, 39)]
[(54, 40), (55, 40), (56, 40), (57, 40), (58, 40), (59, 40), (60, 40), (61, 40), (62, 40), (63, 40), (64, 40), (65, 40), (66, 40), (67, 40), (68, 40), (69, 40), (70, 40), (71, 40), (72, 40), (73, 40), (74, 40), (75, 40), (76, 40), (77, 40), (78, 40), (79, 40), (80, 40), (81, 40), (82, 40), (83, 40), (84, 40), (85, 40), (86, 40), (87, 40), (88, 40), (89, 40), (90, 40), (91, 40), (92, 40), (93, 40), (94, 40), (95, 40), (96, 40), (97, 40)]
[(52, 41), (53, 41), (54, 41), (55, 41), (56, 41), (57, 41), (58, 41), (59, 41), (60, 41), (61, 41), (62, 41), (63, 41), (64, 41), (65, 41), (66, 41), (67, 41), (68, 41), (69, 41), (70, 41), (71, 41), (72, 41), (73, 41), (74, 41), (75, 41), (76, 41), (77, 41), (78, 41)]
[(52, 42), (53, 42), (54, 42), (55, 42), (56, 42), (57, 42), (58, 42), (59, 42), (60, 42), (61, 42), (62, 42), (63, 42), (64, 42), (65, 42), (66, 42), (67, 42), (68, 42), (69, 42)]
